0 936
2 1017
4 1017
6 300
8 458
10 186
12 327
14 152
16 232
18 89
20 184
22 80
24 156
26 62
28 128
30 55
32 119
34 46
36 92
38 33
40 77
42 39
44 69
46 30
48 62
50 26
52 56
54 24
56 55
58 27
60 42
62 11
64 34
66 26
68 40
70 18
72 31
74 8
76 22
78 12
80 26
82 8
84 20
86 8
88 22
90 12
92 29
94 6
96 20
98 8
100 32
102 19
104 29
106 10
108 20
110 6
112 19
114 8
116 20
118 9
120 23
122 11
124 23
126 7
128 23
130 7
132 22
134 6
136 18
138 9
140 23
142 11
144 23
146 8
148 17
150 5
152 10
154 5
156 12
158 4
160 11
162 4
164 12
166 3
168 13
170 7
172 11
174 2
176 7
178 2
180 9
182 5
184 13
186 4
188 8
190 5
192 10
194 3
196 8
198 3
200 9
202 5
204 9
206 3
208 6
212 2
214 1
216 5
218 4
220 6
222 3
224 7
226 2
228 5
230 2
232 6
234 3
236 5
238 1
240 7
242 3
244 9
246 5
248 6
250 3
252 7
254 1
256 7
258 4
260 8
262 4
264 7
266 1
268 3
272 4
274 4
276 7
278 3
280 7
282 4
284 7
286 4
288 8
290 5
292 8
294 5
296 7
298 3
300 9
302 2
304 6
306 3
308 5
310 2
312 6
314 2
316 4
320 3
322 1
324 2
328 3
330 1
332 7
334 3
336 7
338 2
340 5
342 2
344 6
346 3
348 5
350 2
352 4
354 4
356 8
358 3
360 4
362 1
364 3
366 2
368 5
370 1
372 7
374 5
376 11
378 4
380 7
382 1
384 5
386 1
388 5
390 2
392 5
394 1
396 3
398 1
400 5
402 2
404 6
406 2
408 4
410 3
412 6
414 4
416 4
420 3
422 1
424 1
428 3
430 1
432 3
434 2
436 5
438 1
440 1
444 6
446 5
448 9
450 3
452 3
456 2
458 1
460 3
464 2
468 1
472 1
476 2
478 2
480 5
482 1
484 3
486 1
488 1
492 1
494 1
496 3
498 2
500 2
504 1
508 1
512 1
524 3
526 2
528 3
530 1
532 2
534 2
536 3
540 1
544 1
546 1
548 1
568 1
570 1
572 1
576 1
578 1
580 1
582 1
584 1
586 1
588 1
592 1
594 1
596 1
604 1
608 1
610 1
612 1
632 1
636 1
640 1
642 1
644 1
672 1
684 1
728 1
730 1
732 1
736 1
740 1
742 1
744 1
772 1
776 1
792 1
794 1
796 1
804 1
806 1
808 1
812 1
836 1
840 1
842 1
844 1
876 1
880 1
884 1
886 1
888 1
890 1
892 1
940 1
942 1
944 1
952 1
956 1
960 1
962 1
964 2
966 1
968 1
980 1
984 1
1004 1
1006 1
1008 1
1010 1
1012 1
1014 1
1016 1
1032 1
1036 1
1160 1
1162 1
1164 1
1172 1
1176 1
1178 1
1180 1
1208 1
1210 1
1212 1
1236 1
1264 1
1266 1
1268 1
1272 1
1276 1
1280 1
1292 1
1294 1
1296 2
1298 1
1300 1
1304 1
1306 1
1308 1
1324 1
1326 1
1328 1
1332 1
1336 1
1338 1
1340 1
1480 1
1482 1
1484 1
1486 1
1488 1
1490 1
1492 1
1556 1
1558 1
1560 1
1604 1
1608 1
1610 1
1612 1
1616 1
1632 1
1634 1
1636 1
1638 1
1640 1
1644 1
1646 1
1648 1
1772 1
1774 1
1776 1
1778 1
1780 1
1792 2
1796 1
1800 1
1804 1
1808 1
1810 1
1812 1
1824 1
1826 1
1828 1
1836 1
1840 1
1842 1
1844 1
1846 1
1848 1
1856 1
1858 1
1860 1
1864 1
1866 1
1868 1
1880 1
1882 1
1884 1
1944 1
1946 1
1948 1
1996 1
1998 1
2000 1
2044 1
2046 1
2048 1
2050 1
2052 1
2140 1
2142 1
2144 1
2146 1
2148 1
2150 1
2152 1
2164 1
2312 1
2314 1
2316 1
2328 1
2330 1
2332 1
2428 1
2430 1
2432 1
2492 1
2494 1
2496 1
4596 1
4598 1
4600 1
4640 1
4644 1
4646 1
4648 1
4652 1
4656 1
8532 1
8576 1
8578 1
8580 1
8612 1
8616 1
8992 1
8994 1
8996 1
9000 1
9020 1
9022 1
9024 1
9052 1
9056 1
9058 1
9060 1
9064 1
9066 1
9068 1
9072 1
9116 1
9118 1
9120 1
9132 1
9134 1
9136 1
9140 1
9152 1
9154 1
9156 1
1369